# Account tier priority workload - variation in account tiers
# accountID targetID amount type fee arrivalTime complexity accountTier
101 203 500.00 2 10.00 1714758000 3 5  # Highest tier
305 872 750.75 0 15.00 1714758000 3 4
764 129 300.50 1 5.00 1714758000 2 3
492 653 1200.00 2 25.00 1714758000 4 2
218 946 125.25 0 2.50 1714758000 2 1
831 576 950.00 1 19.00 1714758000 4 0  # Regular account
403 299 425.75 0 8.50 1714758000 2 0
567 702 800.25 2 8.00 1714758000 3 0
614 258 275.50 1 2.75 1714758000 2 0
939 475 1125.00 0 11.25 1714758000 3 0